# カリフォルニア住宅データの分析レポート

## 1. データセットの基本情報

- データセットの形状: 20640行 × 9列


### カラム情報:

- MedInc: float64, ユニーク値数: 12928

- HouseAge: float64, ユニーク値数: 52

- AveRooms: float64, ユニーク値数: 19392

- AveBedrms: float64, ユニーク値数: 14233

- Population: float64, ユニーク値数: 3888

- AveOccup: float64, ユニーク値数: 18841

- Latitude: float64, ユニーク値数: 862

- Longitude: float64, ユニーク値数: 844

- HousingPrices: float64, ユニーク値数: 3842


## 2. 基本統計量
```

             MedInc      HouseAge      AveRooms     AveBedrms    Population      AveOccup      Latitude     Longitude  HousingPrices
count  20640.000000  20640.000000  20640.000000  20640.000000  20640.000000  20640.000000  20640.000000  20640.000000   20640.000000
mean       3.870671     28.639486      5.429000      1.096675   1425.476744      3.070655     35.631861   -119.569704       2.068558
std        1.899822     12.585558      2.474173      0.473911   1132.462122     10.386050      2.135952      2.003532       1.153956
min        0.499900      1.000000      0.846154      0.333333      3.000000      0.692308     32.540000   -124.350000       0.149990
25%        2.563400     18.000000      4.440716      1.006079    787.000000      2.429741     33.930000   -121.800000       1.196000
50%        3.534800     29.000000      5.229129      1.048780   1166.000000      2.818116     34.260000   -118.490000       1.797000
75%        4.743250     37.000000      6.052381      1.099526   1725.000000      3.282261     37.710000   -118.010000       2.647250
max       15.000100     52.000000    141.909091     34.066667  35682.000000   1243.333333     41.950000   -114.310000       5.000010

```


## 3. 欠損値の確認

欠損値は存在しません。


## 4. 数値カラム間の相関係数
```

                 MedInc  HouseAge  AveRooms  AveBedrms  Population  AveOccup  Latitude  Longitude  HousingPrices
MedInc         1.000000 -0.119034  0.326895  -0.062040    0.004834  0.018766 -0.079809  -0.015176       0.688075
HouseAge      -0.119034  1.000000 -0.153277  -0.077747   -0.296244  0.013191  0.011173  -0.108197       0.105623
AveRooms       0.326895 -0.153277  1.000000   0.847621   -0.072213 -0.004852  0.106389  -0.027540       0.151948
AveBedrms     -0.062040 -0.077747  0.847621   1.000000   -0.066197 -0.006181  0.069721   0.013344      -0.046701
Population     0.004834 -0.296244 -0.072213  -0.066197    1.000000  0.069863 -0.108785   0.099773      -0.024650
AveOccup       0.018766  0.013191 -0.004852  -0.006181    0.069863  1.000000  0.002366   0.002476      -0.023737
Latitude      -0.079809  0.011173  0.106389   0.069721   -0.108785  0.002366  1.000000  -0.924664      -0.144160
Longitude     -0.015176 -0.108197 -0.027540   0.013344    0.099773  0.002476 -0.924664   1.000000      -0.045967
HousingPrices  0.688075  0.105623  0.151948  -0.046701   -0.024650 -0.023737 -0.144160  -0.045967       1.000000

```
